-------------------------house-votes-84.data-------------------------
info_gain:
Fold-1: 0.9310344827586207
Fold-2: 0.9080459770114943
Fold-3: 0.9655172413793104
Fold-4: 0.8850574712643678
Fold-5: 0.9310344827586207
5-CV Accuracy = 0.9241379310344827

gain_ratio:
Fold-1: 0.9195402298850575
Fold-2: 0.9195402298850575
Fold-3: 0.9540229885057471
Fold-4: 0.8850574712643678
Fold-5: 0.9310344827586207
5-CV Accuracy = 0.9218390804597701

-------------------------tic-tac-toe.data-------------------------
info_gain:
Fold-1: 0.875
Fold-2: 0.8333333333333334
Fold-3: 0.8333333333333334
Fold-4: 0.8167539267015707
Fold-5: 0.8272251308900523
5-CV Accuracy = 0.837129144851658

gain_ratio:
Fold-1: 0.8802083333333334
Fold-2: 0.8229166666666666
Fold-3: 0.8177083333333334
Fold-4: 0.837696335078534
Fold-5: 0.837696335078534
5-CV Accuracy = 0.8392452006980804

